1.5697865529792012 57.29288973525112
12.959815890963258 75.07041085661011
19.375256917444336 85.81173587691741
24.85561640585999 85.81173587691741
28.384004877593924 89.75499468596398
32.182475593313946 89.75499468596398
36.65024905651778 89.75499468596398
40.65713996827329 89.75499468596398
42.839561271951894 89.75499468596398
45.79196710611904 89.75499468596398
47.77252757057306 89.75499468596398
50.37346516027814 89.75499468596398
53.87224777385857 89.75499468596398
55.76769451674922 89.75499468596398
56.234753087454926 89.75499468596398
57.48219106457816 89.75499468596398
58.116742245776734 89.75499468596398
59.14067148158695 89.75499468596398
61.27147268548415 89.75499468596398
63.32972326302954 89.75499468596398
