2.206953226069373 47.4489196649566
13.049909225147115 88.56931473973873
21.37702887052676 88.56931473973873
27.240621025990656 88.56931473973873
30.91359641383524 88.56931473973873
32.970665709455204 88.56931473973873
35.89128012721237 88.56931473973873
38.349804427896245 88.56931473973873
41.01626847135429 88.56931473973873
42.702260254 88.56931473973873
44.22284939387725 88.56931473973873
46.54491483180699 88.56931473973873
47.51823247990105 88.56931473973873
49.35178735835599 88.56931473973873
52.72515342997901 88.56931473973873
53.62358683252926 88.56931473973873
54.74168492523639 88.56931473973873
56.8597840816108 88.56931473973873
60.885595672846115 88.56931473973873
63.5738373499394 88.56931473973873
