3.405582017607601 85.38931661435765
13.851878001635871 85.38931661435765
19.43019009473797 85.38931661435765
25.188232194632707 85.76429422482651
29.55626697409354 85.76429422482651
31.20680659401243 85.76429422482651
33.47454883604607 85.76429422482651
36.912237247446996 85.76429422482651
38.94684138060419 86.96670090681394
40.80753005899669 86.96670090681394
41.84351159318276 86.96670090681394
43.52498120844079 86.96670090681394
45.5020704044715 86.96670090681394
46.994691125032446 86.96670090681394
48.1651657412941 86.96670090681394
49.253814834821945 86.96670090681394
49.004707308434554 86.96670090681394
50.563798342577655 86.96670090681394
51.38020394460397 87.89671387764434
50.76183144881546 87.89671387764434
