0.8954725285787565 39.858336443497336
8.978466030901231 66.43547959267731
14.767913929524141 88.38074878798993
18.219181176491247 88.38074878798993
22.31079020256606 88.38074878798993
25.4793600522853 88.38074878798993
27.855076071153487 88.38074878798993
31.275717839078144 88.38074878798993
32.32373639060483 88.38074878798993
34.23298935291811 88.38074878798993
36.53160053465823 88.38074878798993
38.04551380670365 88.38074878798993
40.132264324612166 88.38074878798993
41.47953069012905 88.38074878798993
43.33150826753458 88.38074878798993
43.623658307980996 88.38074878798993
43.42083456879443 88.38074878798993
46.31594283398272 88.38074878798993
48.96369976490726 88.38074878798993
47.90735185527879 88.38074878798993
