3.455007971105139 47.981406785503765
15.099692389852695 65.6973810242551
21.638342807582124 74.0962527424154
25.982624356568294 85.79790720182987
29.623820065199105 86.01179856794201
33.17492190619333 86.01179856794201
35.883705584097264 86.01179856794201
38.08601147583319 86.01179856794201
40.81059853409126 86.01179856794201
43.66896693565327 88.44074472933634
44.87728246701407 88.44074472933634
46.214209267387304 88.44074472933634
47.55509412986399 88.44074472933634
48.92154050024079 88.44074472933634
50.58770850972769 88.44074472933634
50.905609740949565 88.44074472933634
51.11497173391661 88.44074472933634
50.703615997068574 88.44074472933634
52.95934647671515 88.44074472933634
55.77070247170222 88.44074472933634
