-2.007447075896864 39.09191706183107
4.278840289432153 83.7775559063063
10.768587633319669 88.26930387702122
15.101034106837247 88.26930387702122
19.547552519610704 88.26930387702122
21.572955461087307 88.26930387702122
24.298802378676168 88.26930387702122
27.114182160675597 88.26930387702122
28.990135541014357 88.26930387702122
30.510862058087326 88.26930387702122
33.06254768637125 88.26930387702122
33.24539892533479 88.26930387702122
33.581706370586005 88.26930387702122
34.74332072689615 88.26930387702122
37.19906579764414 88.26930387702122
38.19474327162189 88.26930387702122
40.92168963583536 88.26930387702122
40.714212243447975 88.26930387702122
43.86694128432954 88.26930387702122
45.51452650450162 88.26930387702122
