0.942957086344685 65.74617118842453
13.807799478075932 65.74617118842453
21.07745984801512 65.75972415482923
25.250841911080126 74.76363040979629
28.388535176579698 74.76363040979629
32.14173060997314 86.77513097609462
34.99845290224863 86.77513097609462
37.36853409350076 86.77513097609462
39.446975793384546 86.77513097609462
42.68783246697124 88.04090461150807
45.093450079696446 88.04090461150807
46.46187323336044 88.04090461150807
47.99149163400938 88.04090461150807
49.96129409622693 88.04090461150807
52.07415176846852 88.04090461150807
55.295382133809795 88.04090461150807
57.33390590169385 88.04090461150807
58.75488104389582 88.04090461150807
59.98950113779807 88.04090461150807
60.678811851939095 88.04090461150807
