5.6220475807243995 65.20990276448609
15.602570361122277 65.6181839825939
21.74951568048095 74.61987746310024
27.09284672878597 83.2983418158489
30.422672540099054 86.63142754043466
33.539404045378035 86.63142754043466
37.0248937853629 86.63142754043466
38.712831211849974 88.42911428328529
40.45327731869598 88.42911428328529
41.0667842512267 88.42911428328529
43.69948355663372 88.42911428328529
45.96022606438068 88.42911428328529
47.411710927816564 88.42911428328529
50.04760913449391 88.42911428328529
52.06272816684396 88.42911428328529
54.24831316062225 88.42911428328529
54.83789089613006 88.42911428328529
54.49138107613433 88.42911428328529
52.0606366941941 88.42911428328529
55.03286767467345 88.42911428328529
