1.9420803215843767 48.04935744741228
13.341203536536453 65.39065075683261
19.221801227832024 65.39065075683261
24.083844319016173 83.8990534593671
28.642057722766996 88.42536113511905
30.430472869196105 88.42536113511905
31.966324637519588 88.42536113511905
35.305653275905684 88.42536113511905
38.414060227041915 88.42536113511905
39.71501205196446 88.42536113511905
40.42134102196389 88.42536113511905
40.51132153141917 88.42536113511905
43.26764597412849 88.42536113511905
44.440757640093345 88.42536113511905
47.516423932036034 88.42536113511905
47.79352343240442 88.42536113511905
49.24993442121801 88.42536113511905
51.26105032383629 88.42536113511905
52.68623772561983 88.42536113511905
57.055753144875816 88.42536113511905
