4.084214317374324 84.36931473973874
14.821013242110608 84.36931473973874
24.341642387262723 84.36931473973874
30.08417237392447 86.79140997390337
34.23833558016826 86.79140997390337
37.78633671971119 86.99140997390337
39.95251403736081 86.99140997390337
41.712420754641784 86.99140997390337
42.69136014355238 86.99140997390337
44.71086041012172 86.99140997390337
46.476609322721174 86.99140997390337
48.472635090769884 86.99140997390337
50.06146100337243 86.99140997390337
53.26583291776075 86.99140997390337
53.69297807474883 86.99140997390337
57.24373252431491 86.99140997390337
57.95400774435709 86.99140997390337
60.55927845850947 86.99140997390337
60.90078457291034 86.99140997390337
62.35746172241359 86.99140997390337
