3.1359611166875263 30.557582289478205
14.161361736501563 74.39605617539952
19.67867826402095 83.97256827514916
24.94960626089242 83.97256827514916
28.907309878819444 83.97256827514916
31.604765544640568 87.2400955456225
35.48710801720547 87.2400955456225
37.50805479406064 87.2400955456225
38.43169705326754 87.2400955456225
39.816642659850466 87.2400955456225
40.89708893850159 87.2400955456225
42.75170491460724 87.2400955456225
46.503179189285724 87.2400955456225
46.27903294473581 87.2400955456225
45.78579482158531 87.2400955456225
47.75263802231825 88.40930395528228
48.889623342028074 88.40930395528228
48.87656824292197 88.40930395528228
52.798324551722274 88.40930395528228
51.609015363285714 88.40930395528228
