4.039657478563996 56.75195712549157
13.36517288868966 56.75195712549157
18.820504830049444 74.44038476250675
22.885399835118232 74.44038476250675
27.986750685009426 85.15111060585316
31.896638537057864 85.62213864227897
34.455712367481716 85.62213864227897
35.949407568522574 85.62213864227897
38.33759527175873 85.62213864227897
39.526955973228176 85.62213864227897
42.710735499185446 85.62213864227897
42.457890300774665 85.62213864227897
44.199487222571726 85.62213864227897
45.7244674295755 85.62213864227897
47.18705051533209 85.89199937470394
47.99829679915209 85.89199937470394
50.5073149084638 88.32049965983836
52.47750882401161 88.32049965983836
52.48464545817093 88.32049965983836
52.781216835869174 88.32049965983836
