0.2498590966305087 48.60637245364764
9.187939250433011 57.511062273843315
15.064854869476727 57.511062273843315
19.417293694182373 86.55815028621167
22.740906343187714 86.55815028621167
25.186529902639496 86.55815028621167
27.803839614946465 86.55815028621167
30.401797573230652 86.55815028621167
31.37715707525643 86.55815028621167
32.729089321907026 86.55815028621167
33.65545611512891 86.55815028621167
35.96229482184176 86.55815028621167
38.704224610489526 86.55815028621167
41.85934436287103 86.55815028621167
42.62016526886118 86.55815028621167
45.00848819389959 86.55815028621167
47.571828174461814 86.55815028621167
48.73416126009872 86.55815028621167
50.008106128837035 86.55815028621167
51.421368554052464 86.55815028621167
