0.3196590862286582 90.49786826941529
8.745414205010013 90.49786826941529
14.279748034824776 90.49786826941529
18.71019097221491 90.49786826941529
21.7079466877578 90.49786826941529
25.76571470896108 90.49786826941529
28.468947648880015 90.49786826941529
30.79667115369494 90.49786826941529
31.80824733721915 90.49786826941529
33.599722253051134 90.49786826941529
35.826877738872525 90.49786826941529
37.10259025122297 90.49786826941529
37.731082400774376 90.49786826941529
40.947208918959895 90.49786826941529
41.88670678072688 90.49786826941529
42.08654833076238 90.49786826941529
42.50287964810418 90.49786826941529
44.454250032620685 90.49786826941529
50.5109987496635 90.49786826941529
52.441924196290955 90.49786826941529
