0.5593688306498011 87.41998334634742
13.174539547800572 87.41998334634742
18.3859668443825 87.41998334634742
24.171799008430533 87.41998334634742
29.280235542705217 87.41998334634742
32.037634554766036 87.41998334634742
34.36766760622671 87.41998334634742
37.79534370268959 87.41998334634742
39.48374649224137 87.41998334634742
41.26764251312498 87.41998334634742
43.44059856888109 87.41998334634742
44.863924960475835 87.41998334634742
45.1491219418615 87.41998334634742
47.84925974992865 87.41998334634742
51.67863047857895 87.41998334634742
55.1086234023115 87.41998334634742
57.13356684131669 87.41998334634742
59.85159053200133 87.41998334634742
59.01607131739552 87.41998334634742
60.210895392081895 87.41998334634742
