-0.842806845714896 48.435479592677304
8.33069042326678 65.49720995408438
13.25902594939676 66.15645558296865
16.241447207579338 66.15645558296865
20.258300571872702 66.15645558296865
22.27875576980859 66.23480889721516
25.47375502979035 84.14283531325273
29.180602045335057 84.14283531325273
29.823152734741523 84.14283531325273
31.14928957231186 84.14283531325273
32.66916185393874 84.14283531325273
34.23115922710757 84.14283531325273
36.147704742699204 86.19826279334345
37.755163742564726 86.19826279334345
39.58979969667101 86.19826279334345
42.800271981689654 86.19826279334345
43.2873483183431 86.19826279334345
44.71541373486546 86.19826279334345
45.25343511667886 89.99345092760272
46.93248505256808 89.99345092760272
