-0.3270270907856645 66.60637245364764
8.090013607610448 66.60637245364764
14.310497700214226 66.60637245364764
19.852485224537094 87.76921057609106
22.807206868508466 87.76921057609106
25.652048136706508 87.76921057609106
27.564401720745952 87.76921057609106
29.835964237266147 87.76921057609106
32.44570221386769 87.76921057609106
32.8075904733345 87.76921057609106
35.93589004317168 87.76921057609106
37.03702091191892 87.76921057609106
37.442728735592574 87.76921057609106
37.5473737995822 87.76921057609106
38.81256971585477 87.76921057609106
39.22682233597945 87.76921057609106
41.09562432923019 87.76921057609106
44.85275040629182 87.76921057609106
47.21254153400532 87.76921057609106
47.77358517957466 87.76921057609106
