-0.545574721183625 38.0217862573693
8.097404235978829 57.26665872310225
13.042219116335579 57.26665872310225
18.115161330749377 57.26665872310225
21.99103745276913 66.2037873606536
25.934501829708356 66.2037873606536
27.920722281340076 75.22234767677735
31.160875743003217 75.22234767677735
32.48614945497976 75.22234767677735
35.25361168717377 83.93418716279055
37.33731441164196 83.93418716279055
38.113775771001585 83.93418716279055
40.09872708577627 85.49060701409176
39.88524649632904 85.49060701409176
40.856211781406536 87.38545348121256
41.90926934246289 87.38545348121256
41.36129702035773 87.38545348121256
42.700795873364896 87.38545348121256
42.03101678294977 87.38545348121256
42.25633102938269 87.38545348121256
