4.199366846311987 56.877507190485616
15.75259534559698 86.2472673052959
22.684247137843265 86.2472673052959
26.85343930062245 86.2472673052959
30.250272197966535 86.2472673052959
32.587668269950825 86.2472673052959
34.878004157062776 87.89736666659863
37.57897844884037 87.89736666659863
39.79520454476449 87.89736666659863
41.18555788574154 87.89736666659863
44.40730015350631 87.89736666659863
47.63407843307136 87.89736666659863
49.24074073125004 87.89736666659863
51.21791323817374 87.89736666659863
52.50303627404348 87.89736666659863
54.64286545369067 87.89736666659863
55.987627066007434 87.89736666659863
57.01871702663167 87.89736666659863
60.040709214399875 87.89736666659863
64.64050665795774 87.89736666659863
