-0.9172796773540904 30.795993312923205
4.558325347349198 56.65261079034399
9.461750991291508 73.51282630578626
13.330702532748827 73.51282630578626
17.498086709688884 73.51282630578626
20.809524686227263 73.51282630578626
22.718109439122998 73.51282630578626
27.137555873303704 82.76933920378849
30.093551509050833 82.76933920378849
31.78044292290368 82.76933920378849
33.00351125210766 82.76933920378849
35.046726387140886 86.72898189951793
38.371762986346965 87.08137105767935
40.01341978653704 87.08137105767935
40.831154924018016 87.08137105767935
44.597720762202435 87.08137105767935
44.43451517741314 87.08137105767935
45.129525019280294 87.08137105767935
45.41775826403923 87.08137105767935
47.654325602950756 87.08137105767935
