-0.19038502445387614 48.20394224923463
10.132066378307337 86.61791509328336
16.42848437679309 86.61791509328336
20.265204417955022 86.61791509328336
27.53192577622882 86.61791509328336
30.482099299288127 86.61791509328336
34.260280789617966 86.61791509328336
37.31874150818945 86.61791509328336
39.71797412713974 86.61791509328336
41.38394111320898 86.61791509328336
43.39058475518547 86.61791509328336
44.65482328302882 86.61791509328336
47.61160112662857 86.61791509328336
49.10216215280081 86.61791509328336
49.25077927436921 86.61791509328336
51.632150474843264 86.61791509328336
53.209844781709606 86.61791509328336
52.80572708103529 87.21858578874553
54.24571723547973 87.21858578874553
53.74394799690555 87.21858578874553
