2.755996419071229 38.719604161039804
14.098022340875191 56.84514190598358
20.427067953076545 74.12994658820188
24.633410108617447 74.59808280327282
28.109454127867775 74.59808280327282
31.364478955467057 83.91737020514458
33.57982785566388 85.1042942248265
35.35795763064174 85.1042942248265
38.17618002990756 89.15230127389567
40.59676319439948 89.15230127389567
41.354246912313684 89.15230127389567
42.96624812326367 89.15230127389567
46.62334524733977 89.15230127389567
48.99043725233617 89.15230127389567
51.829132090948065 89.15230127389567
53.104560333523146 89.15230127389567
53.38636467575328 89.15230127389567
55.0696599851994 89.15230127389567
55.7806966022331 89.15230127389567
52.776245600566746 89.15230127389567
