0.743547020920525 48.165189262937396
12.398256722900728 74.76951855242152
18.891571482127386 74.76951855242152
25.1274780520608 74.87750719048562
29.763946942148134 74.87750719048562
32.50497279773862 74.87750719048562
33.82846593982837 74.87750719048562
36.09057763241324 74.87750719048562
37.88521958410434 74.87750719048562
40.74453054277101 87.02413272989425
41.45622428677943 87.02413272989425
42.79725552468281 87.02413272989425
43.888246681655886 87.02413272989425
44.41487324214435 87.02413272989425
46.434650544102915 88.38384284030165
48.238878397786095 88.38384284030165
49.974939492139505 88.38384284030165
51.7277756018826 88.38384284030165
54.9128816588524 88.38384284030165
56.87152676246022 90.30869011792231
