4.810797766032827 83.45382834514534
15.66084065217959 83.45382834514534
21.39704695359207 83.45382834514534
25.210710861330355 83.45382834514534
26.94149312178532 86.18661578162046
29.253897116249362 86.18661578162046
32.97060592392378 86.18661578162046
35.72871350085541 86.18661578162046
37.78418571097768 86.18661578162046
39.95886159551674 86.18661578162046
41.75766639780891 86.18661578162046
42.84697739858819 86.18661578162046
43.506496105102656 86.18661578162046
44.236115338302554 86.18661578162046
43.92824270429852 86.18661578162046
44.411220202354905 86.42427655136872
45.40672239549194 86.42427655136872
45.909023189591146 86.42427655136872
47.46515859447392 86.42427655136872
51.10555148876936 86.42427655136872
