-0.2952613758694417 39.579465000727716
7.345425515627254 66.6917323025988
12.206000127131615 66.6917323025988
16.221965320060992 66.6917323025988
18.35078297764437 74.49571182646335
21.259108619519576 86.08405089685371
23.793370874952924 86.08405089685371
26.13062855012778 86.08405089685371
29.090906613836964 91.02920622580496
32.860770293389784 91.02920622580496
34.151000138658404 91.02920622580496
35.82189940016354 91.02920622580496
37.82986184240762 91.02920622580496
37.35979489239392 91.02920622580496
39.18781105312418 91.02920622580496
40.06511022362306 91.02920622580496
43.29775299556988 91.02920622580496
45.23350199772777 91.02920622580496
48.653286434387226 91.02920622580496
49.71002733205312 91.02920622580496
