4.316519703392459 47.99611293289346
14.211651450017197 74.22235340636489
19.738865538761818 74.6181839825939
24.041948008686102 74.6181839825939
27.86506597000943 85.97074968320425
31.045919981883205 85.97074968320425
33.05766415111214 85.97074968320425
35.10892441363361 85.97074968320425
36.23290882845031 85.97541169631006
37.10483594065209 85.97541169631006
36.965092467548985 85.97541169631006
38.154851249768306 85.97541169631006
39.18901996085578 85.97541169631006
40.655453538040554 85.97541169631006
42.89154000167324 85.97541169631006
44.40905783146703 85.97541169631006
46.042882755321116 85.97541169631006
46.40351241633116 85.97541169631006
49.58742764321925 85.97541169631006
52.098154658291776 85.97541169631006
