3.6210414929925925 30.61550493721091
16.0351431249621 65.28947689054758
20.88263759386159 65.74424995824663
25.65056802940826 65.74424995824663
29.116359551618366 85.27743398117786
31.591619018575283 85.27743398117786
33.79004105572268 87.98765557252922
35.87147140159589 87.98765557252922
37.02892171411907 87.98765557252922
39.34515726586508 87.98765557252922
41.441565938434806 87.98765557252922
42.50543304010697 87.98765557252922
44.40118746871279 87.98765557252922
46.3168681207543 87.98765557252922
49.553413041307444 87.98765557252922
48.94933707112222 87.98765557252922
50.72540381831368 87.98765557252922
54.82465098659734 88.22353801540544
56.78801334597915 88.22353801540544
57.73650157819185 88.22353801540544
