2.1179777159350066 48.19788162462294
14.648516856609545 75.03129244001464
21.633569540735312 75.03129244001464
28.152662446528783 75.03129244001464
32.27922439238171 84.99140997390337
35.08628303694044 84.99140997390337
37.403049942244316 87.87094978993946
39.81429095717364 90.06246379491758
40.87089379052944 90.06246379491758
43.276155117071525 90.06246379491758
45.37812466864526 90.06246379491758
47.88612794651873 90.06246379491758
51.454966510174486 90.06246379491758
52.553064095841044 90.06246379491758
53.968201455539 90.06246379491758
55.242708152349245 90.06246379491758
57.694159201927434 90.06246379491758
59.387183451024235 90.06246379491758
60.28014375698002 90.06246379491758
60.60491848263275 90.06246379491758
