-0.49747311372321334 39.56192069107681
5.889909112745227 57.557582289478205
11.221517455204069 57.557582289478205
14.80507991232289 64.47759976861288
18.563241932335437 64.47759976861288
23.260754555876133 84.76096174455664
25.87661011801845 84.76096174455664
28.652884679084483 86.62896154643433
31.32972987246432 86.62896154643433
34.39963515675511 86.62896154643433
37.60228565313209 87.05921377653416
38.25637387932437 87.05921377653416
39.95981023925082 87.05921377653416
41.48361107705337 87.05921377653416
43.110491044734204 87.05921377653416
45.31157699488533 87.05921377653416
46.76274975618504 87.05921377653416
48.93798450001509 87.05921377653416
50.00894985140853 87.05921377653416
48.778462040282946 87.05921377653416
