0.1851798222858208 57.03642065638155
12.434857006306945 90.62111423509887
18.33341547859432 90.62111423509887
21.771513359067814 90.62111423509887
27.266848152268967 90.62111423509887
31.509163777171278 90.62111423509887
34.697282822357046 90.62111423509887
37.85644559616414 90.62111423509887
40.616206107517954 90.62111423509887
43.103789680485605 90.62111423509887
44.872792468657636 90.62111423509887
47.154533472486655 90.62111423509887
49.456735047716364 90.62111423509887
51.02472095130881 90.62111423509887
52.98359637452431 90.62111423509887
54.23791010679505 90.62111423509887
55.942700861359185 90.62111423509887
56.58571550518481 90.62111423509887
59.762028026015855 90.62111423509887
59.649181828308535 90.62111423509887
